fish - 1,2,3,4,5,6,7,30,108,148,149,150,151,328,390-398,833
birds - 8,9,10,11,12,13,14,15,16,17,18,19,20,21,22,23,24,25,81-101,128-147
lizard - 26,27,28,29,30,39,40,41,42,43,44,45,46,47,48,49
frog - 31,32,33
turtle - 34,35,36,37,38
crocodiles - 50,51
Dinosaurs - 52
snakes - 53,54,55,56,57,58,59,60,61,62,63,64,65,66,67,68,69
fossils - 70
spider - 71,72,73,74,75,76,77,78,79
insects - 80,113,114,115,116,117,118,119,120-127,301-327,329,330
animals - 102,103,104,105,106,107,295-300,331-389
flowers - 109,110,985,986,987,988,989,990-999
worm - 111,112
Dogs and fox - 152-281
Cats - 282-294
Gen. Instrument - 399,407,410,413,415,417,418,419,420,422,423,424,427,429,432,434-437,439,441,442,443,447,448,449,452,454,456,459,463,464,465,470,471,474,476,478,479,480,482,483
,486,488,489,490,493,494,496,497,503,504,505,506,507,508,509,513,517,519,520,521,522,523,524,527,528,529,531,532,533,535,536,539,540,544,545,546,549,550,551,552,554,557,558,560,561
563,564,565,568,573,585,586,589,590,591,593,599,600,601,603,604,605,606,607,608,612,613,614,617,619,620,621,622,623,629,630,631,632,633,634,636-640,642,648,652,654,660,663,665,668
670,674,675,678-682,686,687,693,696,697,701,703,704,709-715,717,720-724,726,729,730,732-734,737-740,742,743,746,748-751,753,754-757,760-762,766,767,768,873,883,884
770-775,779,783,787,789-792,794-796,798-802,805,807-812,814,816,819,820,824,827-829,831,832,837-841,842,843,844,845,847,849,850,851,852,855,856,859,860,862-864,869,877,879,880,893-895
,897-911,913,917-924,969,983,984,1000	
Non gen Instrument - 428,438,477,481,572 ,578,584,641,646,647,649,661,673,689,744,813,822,826,836,858,874,878,885,887	
Places - 411,416,425,426,450,455,461,468,484,498,499,501,510,526,537,541,581,583,625,635,650,664,669,683,699,707,708,719,728,763,854,861,866,889,916,971,973,974,975,976,977,978,979,980,981
cloth - 400,401,412,444,445,453,458,460,462,475,502,515,516,530,534,553,569,579,592,602,609,611,615,618,656,659,690,698,736,776,825,835,870,886,888,912
Music - 402,403,421,433,487,495,514,542,543,547,559,567,580,594,595,643,684,685,688,700,777,823,876,882,890
weapon Carrier - 404,587,598
Miltary Things - 440,466,489,490,491,525,538,571,582,616,644,651,653,663,677,682,702,716,797,817,846,896
weapons - 414,765,764,457,472,492,500,588,597,624,627,645,658,667,731,741,745,764-765,778,784,785,788,793,848
Vehicles - 405,406,408,409,445,467,469,473,485,511,512,518,548,555,556,562,566,570,574,576,577,596,610,626,628,655,657,662,666,671,672,676,691,694,695,705,706,718,725,727,735,752,758,830
780,781,786,803,804,815,818,821,830,834,857,865,867,868,871,872,875,881,914-915
Sports - 430,431,451,575,747,769,782,806,853,891,982
Food Items - 925-968,970